0.0
0.30901699437
0.58778525229
0.80901699437
0.9510565163
1.0
0.9510565163
0.80901699437
0.58778525229
0.30901699437
0.0
-0.30901699437
-0.58778525229
-0.80901699437
-0.9510565163
-1.0
-0.9510565163
-0.80901699437
-0.58778525229
-0.30901699437
0.0
0.30901699437
0.58778525229
0.80901699437
0.9510565163
1.0
0.9510565163
0.80901699437
0.58778525229
0.30901699437
0.0
-0.30901699437
-0.58778525229
-0.80901699437
-0.9510565163
-1.0
-0.9510565163
-0.80901699437
-0.58778525229
-0.30901699437
0.0
0.30901699437
0.58778525229
0.80901699437
0.9510565163
1.0
0.9510565163
0.80901699437
0.58778525229
0.30901699437
0.0
-0.30901699437
-0.58778525229
-0.80901699437
-0.9510565163
-1.0
-0.9510565163
-0.80901699437
-0.58778525229
-0.30901699437
0.0
0.30901699437
0.58778525229
0.80901699437
0.9510565163
1.0
0.9510565163
0.80901699437
0.58778525229
0.30901699437
0.0
-0.30901699437
-0.58778525229
-0.80901699437
-0.9510565163
-1.0
-0.9510565163
-0.80901699437
-0.58778525229
-0.30901699437
0.0
0.30901699437
0.58778525229
0.80901699437
0.9510565163
1.0
0.9510565163
0.80901699437
0.58778525229
0.30901699437
0.0
-0.30901699437
-0.58778525229
-0.80901699437
-0.9510565163
-1.0
-0.9510565163
-0.80901699437
-0.58778525229
-0.30901699437